Month   Interest Principal  Remaining
   1    2083.33    1441.67  498558.33
   2    2077.33    1447.67  497110.66
   3    2071.29    1453.71  495656.95
   4    2065.24    1459.76  494197.19
   5    2059.15    1465.85  492731.35
   6    2053.05    1471.95  491259.39
   7    2046.91    1478.09  489781.31
   8    2040.76    1484.24  488297.06
   9    2034.57    1490.43  486806.63
  10    2028.36    1496.64  485310.00
  11    2022.12    1502.88  483807.12
  12    2015.86    1509.14  482297.98
  13    2009.57    1515.43  480782.56
  14    2003.26    1521.74  479260.82
  15    1996.92    1528.08  477732.74
  16    1990.55    1534.45  476198.29
  17    1984.16    1540.84  474657.45
  18    1977.74    1547.26  473110.19
  19    1971.29    1553.71  471556.48
  20    1964.82    1560.18  469996.30
  21    1958.32    1566.68  468429.62
  22    1951.79    1573.21  466856.41
  23    1945.24    1579.76  465276.65
  24    1938.65    1586.35  463690.30
  25    1932.04    1592.96  462097.34
  26    1925.41    1599.59  460497.75
  27    1918.74    1606.26  458891.49
  28    1912.05    1612.95  457278.53
  29    1905.33    1619.67  455658.86
  30    1898.58    1626.42  454032.44
  31    1891.80    1633.20  452399.24
  32    1885.00    1640.00  450759.24
  33    1878.16    1646.84  449112.40
  34    1871.30    1653.70  447458.70
  35    1864.41    1660.59  445798.12
  36    1857.49    1667.51  444130.61
  37    1850.54    1674.46  442456.15
  38    1843.57    1681.43  440774.72
  39    1836.56    1688.44  439086.28
  40    1829.53    1695.47  437390.81
  41    1822.46    1702.54  435688.27
  42    1815.37    1709.63  433978.64
  43    1808.24    1716.76  432261.88
  44    1801.09    1723.91  430537.97
  45    1793.91    1731.09  428806.88
  46    1786.70    1738.30  427068.58
  47    1779.45    1745.55  425323.03
  48    1772.18    1752.82  423570.21
  49    1764.88    1760.12  421810.08
  50    1757.54    1767.46  420042.63
  51    1750.18    1774.82  418267.80
  52    1742.78    1782.22  416485.59
  53    1735.36    1789.64  414695.94
  54    1727.90    1797.10  412898.84
  55    1720.41    1804.59  411094.25
  56    1712.89    1812.11  409282.15
  57    1705.34    1819.66  407462.49
  58    1697.76    1827.24  405635.25
  59    1690.15    1834.85  403800.40
  60    1682.50    1842.50  401957.90
  61    1674.82     850.18  401107.72
  62    1671.28     853.72  400254.00
  63    1667.73     857.27  399396.73
  64    1664.15     860.85  398535.88
  65    1660.57     864.43  397671.45
  66    1656.96     868.04  396803.41
  67    1653.35     871.65  395931.76
  68    1649.72     875.28  395056.48
  69    1646.07     878.93  394177.54
  70    1642.41     882.59  393294.95
  71    1638.73     886.27  392408.68
  72    1635.04     889.96  391518.72
  73    1631.33     893.67  390625.04
  74    1627.60     897.40  389727.65
  75    1623.87     901.13  388826.51
  76    1620.11     904.89  387921.62
  77    1616.34     908.66  387012.96
  78    1612.55     912.45  386100.52
  79    1608.75     916.25  385184.27
  80    1604.93     920.07  384264.20
  81    1601.10     923.90  383340.31
  82    1597.25     927.75  382412.56
  83    1593.39     931.61  381480.94
  84    1589.50     935.50  380545.45
  85    1585.61     939.39  379606.05
  86    1581.69     943.31  378662.74
  87    1577.76     947.24  377715.51
  88    1573.81     951.19  376764.32
  89    1569.85     955.15  375809.17
  90    1565.87     959.13  374850.04
  91    1561.88     963.12  373886.92
  92    1557.86     967.14  372919.78
  93    1553.83     971.17  371948.61
  94    1549.79     975.21  370973.40
  95    1545.72     979.28  369994.12
  96    1541.64     983.36  369010.76
  97    1537.54     987.46  368023.31
  98    1533.43     991.57  367031.74
  99    1529.30     995.70  366036.04
 100    1525.15     999.85  365036.19
 101    1520.98    1004.02  364032.17
 102    1516.80    1008.20  363023.97
 103    1512.60    1012.40  362011.57
 104    1508.38    1016.62  360994.95
 105    1504.15    1020.85  359974.10
 106    1499.89    1025.11  358948.99
 107    1495.62    1029.38  357919.61
 108    1491.33    1033.67  356885.94
 109    1487.02    1037.98  355847.97
 110    1482.70    1042.30  354805.67
 111    1478.36    1046.64  353759.03
 112    1474.00    1051.00  352708.02
 113    1469.62    1055.38  351652.64
 114    1465.22    1059.78  350592.86
 115    1460.80    1064.20  349528.66
 116    1456.37    1068.63  348460.03
 117    1451.92    1073.08  347386.95
 118    1447.45    1077.55  346309.39
 119    1442.96    1082.04  345227.35
 120    1438.45    1086.55  344140.80
 121    1433.92    1091.08  343049.72
 122    1429.37    1095.63  341954.09
 123    1424.81    1100.19  340853.90
 124    1420.22    1104.78  339749.12
 125    1415.62    1109.38  338639.75
 126    1411.00    1114.00  337525.74
 127    1406.36    1118.64  336407.10
 128    1401.70    1123.30  335283.80
 129    1397.02    1127.98  334155.81
 130    1392.32    1132.68  333023.13
 131    1387.60    1137.40  331885.73
 132    1382.86    1142.14  330743.58
 133    1378.10    1146.90  329596.68
 134    1373.32    1151.68  328445.00
 135    1368.52    1156.48  327288.52
 136    1363.70    1161.30  326127.22
 137    1358.86    1166.14  324961.09
 138    1354.00    1171.00  323790.09
 139    1349.13    1175.87  322614.22
 140    1344.23    1180.77  321433.44
 141    1339.31    1185.69  320247.75
 142    1334.37    1190.63  319057.11
 143    1329.40    1195.60  317861.52
 144    1324.42    1200.58  316660.94
 145    1319.42    1205.58  315455.36
 146    1314.40    1210.60  314244.76
 147    1309.35    1215.65  313029.11
 148    1304.29    1220.71  311808.40
 149    1299.20    1225.80  310582.60
 150    1294.09    1230.91  309351.70
 151    1288.97    1236.03  308115.66
 152    1283.82    1241.18  306874.48
 153    1278.64    1246.36  305628.12
 154    1273.45    1251.55  304376.57
 155    1268.24    1256.76  303119.81
 156    1263.00    1262.00  301857.81
 157    1257.74    1267.26  300590.55
 158    1252.46    1272.54  299318.01
 159    1247.16    1277.84  298040.17
 160    1241.83    1283.17  296757.00
 161    1236.49    1288.51  295468.49
 162    1231.12    1293.88  294174.61
 163    1225.73    1299.27  292875.33
 164    1220.31    1304.69  291570.65
 165    1214.88    1310.12  290260.53
 166    1209.42    1315.58  288944.94
 167    1203.94    1321.06  287623.88
 168    1198.43    1326.57  286297.31
 169    1192.91    1332.09  284965.22
 170    1187.36    1337.64  283627.58
 171    1181.78    1343.22  282284.36
 172    1176.18    1348.82  280935.54
 173    1170.56    1354.44  279581.11
 174    1164.92    1360.08  278221.03
 175    1159.25    1365.75  276855.28
 176    1153.56    1371.44  275483.85
 177    1147.85    1377.15  274106.70
 178    1142.11    1382.89  272723.81
 179    1136.35    1388.65  271335.16
 180    1130.56    1394.44  269940.72
 181    1124.75    1400.25  268540.47
 182    1118.92    1406.08  267134.39
 183    1113.06    1411.94  265722.45
 184    1107.18    1417.82  264304.63
 185    1101.27    1423.73  262880.90
 186    1095.34    1429.66  261451.23
 187    1089.38    1435.62  260015.61
 188    1083.40    1441.60  258574.01
 189    1077.39    1447.61  257126.40
 190    1071.36    1453.64  255672.76
 191    1065.30    1459.70  254213.07
 192    1059.22    1465.78  252747.29
 193    1053.11    1471.89  251275.40
 194    1046.98    1478.02  249797.38
 195    1040.82    1484.18  248313.21
 196    1034.64    1490.36  246822.84
 197    1028.43    1496.57  245326.27
 198    1022.19    1502.81  243823.46
 199    1015.93    1509.07  242314.40
 200    1009.64    1515.36  240799.04
 201    1003.33    1521.67  239277.37
 202     996.99    1528.01  237749.36
 203     990.62    1534.38  236214.98
 204     984.23    1540.77  234674.21
 205     977.81    1547.19  233127.02
 206     971.36    1553.64  231573.38
 207     964.89    1560.11  230013.27
 208     958.39    1566.61  228446.66
 209     951.86    1573.14  226873.52
 210     945.31    1579.69  225293.83
 211     938.72    1586.28  223707.55
 212     932.11    1592.89  222114.66
 213     925.48    1599.52  220515.14
 214     918.81    1606.19  218908.96
 215     912.12    1612.88  217296.08
 216     905.40    1619.60  215676.48
 217     898.65    1626.35  214050.13
 218     891.88    1633.12  212417.00
 219     885.07    1639.93  210777.08
 220     878.24    1646.76  209130.31
 221     871.38    1653.62  207476.69
 222     864.49    1660.51  205816.18
 223     857.57    1667.43  204148.74
 224     850.62    1674.38  202474.36
 225     843.64    1681.36  200793.01
 226     836.64    1688.36  199104.64
 227     829.60    1695.40  197409.25
 228     822.54    1702.46  195706.78
 229     815.44    1709.56  193997.23
 230     808.32    1716.68  192280.55
 231     801.17    1723.83  190556.72
 232     793.99    1731.01  188825.71
 233     786.77    1738.23  187087.48
 234     779.53    1745.47  185342.01
 235     772.26    1752.74  183589.27
 236     764.96    1760.04  181829.23
 237     757.62    1767.38  180061.85
 238     750.26    1774.74  178287.10
 239     742.86    1782.14  176504.97
 240     735.44    1789.56  174715.41
 241     727.98    1797.02  172918.39
 242     720.49    1804.51  171113.88
 243     712.97    1812.03  169301.85
 244     705.42    1819.58  167482.28
 245     697.84    1827.16  165655.12
 246     690.23    1834.77  163820.35
 247     682.58    1842.42  161977.94
 248     674.91    1850.09  160127.84
 249     667.20    1857.80  158270.04
 250     659.46    1865.54  156404.50
 251     651.69    1873.31  154531.19
 252     643.88    1881.12  152650.07
 253     636.04    1888.96  150761.11
 254     628.17    1896.83  148864.28
 255     620.27    1904.73  146959.55
 256     612.33    1912.67  145046.88
 257     604.36    1920.64  143126.24
 258     596.36    1928.64  141197.60
 259     588.32    1936.68  139260.92
 260     580.25    1944.75  137316.18
 261     572.15    1952.85  135363.33
 262     564.01    1960.99  133402.34
 263     555.84    1969.16  131433.19
 264     547.64    1977.36  129455.82
 265     539.40    1985.60  127470.22
 266     531.13    1993.87  125476.35
 267     522.82    2002.18  123474.17
 268     514.48    2010.52  121463.64
 269     506.10    2018.90  119444.74
 270     497.69    2027.31  117417.43
 271     489.24    2035.76  115381.67
 272     480.76    2044.24  113337.42
 273     472.24    2052.76  111284.66
 274     463.69    2061.31  109223.35
 275     455.10    2069.90  107153.45
 276     446.47    2078.53  105074.92
 277     437.81    2087.19  102987.73
 278     429.12    2095.88  100891.85
 279     420.38    2104.62   98787.23
 280     411.61    2113.39   96673.84
 281     402.81    2122.19   94551.65
 282     393.97    2131.03   92420.62
 283     385.09    2139.91   90280.70
 284     376.17    2148.83   88131.87
 285     367.22    2157.78   85974.09
 286     358.23    2166.77   83807.31
 287     349.20    2175.80   81631.51
 288     340.13    2184.87   79446.64
 289     331.03    2193.97   77252.67
 290     321.89    2203.11   75049.56
 291     312.71    2212.29   72837.26
 292     303.49    2221.51   70615.75
 293     294.23    2230.77   68384.98
 294     284.94    2240.06   66144.92
 295     275.60    2249.40   63895.52
 296     266.23    2258.77   61636.76
 297     256.82    2268.18   59368.57
 298     247.37    2277.63   57090.94
 299     237.88    2287.12   54803.82
 300     228.35    2296.65   52507.17
 301     218.78    2306.22   50200.95
 302     209.17    2315.83   47885.12
 303     199.52    2325.48   45559.64
 304     189.83    2335.17   43224.48
 305     180.10    2344.90   40879.58
 306     170.33    2354.67   38524.91
 307     160.52    2364.48   36160.43
 308     150.67    2374.33   33786.10
 309     140.78    2384.22   31401.87
 310     130.84    2394.16   29007.71
 311     120.87    2404.13   26603.58
 312     110.85    2414.15   24189.43
 313     100.79    2424.21   21765.22
 314      90.69    2434.31   19330.91
 315      80.55    2444.45   16886.45
 316      70.36    2454.64   14431.81
 317      60.13    2464.87   11966.94
 318      49.86    2475.14    9491.81
 319      39.55    2485.45    7006.36
 320      29.19    2495.81    4510.55
 321      18.79    2506.21    2004.34
 322       8.35    2516.65    -512.31

Total paid:   873050
